corinthians <-c(59, 74, 81, 53, 44, 0, 52, 68, 71, 57, 50, 69, 81, 55, 72, 44, 56, 51, 57, 65, 50) 
saopaulo <- c(78, 82, 58, 78, 77, 75, 65, 55, 59, 66, 50, 70, 62, 52, 50, 63, 63, 66, 48, 54, 53)
palmeiras <-c(0	,79, 70, 44, 58, 65, 62, 50, 50, 34, 0,	40, 53, 80, 63, 80, 74, 58, 66, 81, 70)
santos <- c(87, 89, 59, 64, 62, 45, 49, 56, 53, 53, 57, 53, 58, 71, 63, 50, 74, 54, 50, 47, 43)
