posicoes <-c(13,4,5,12,8,13,1,7,1,3,9,6,1,3,10,17,9,17) #Posições do Corinthians
